1 1 32 7688
0,9583333 0 15 4
15,048 0 0 0
0 -2,661531E-06 -15,048 0
0 15,048 -2,661531E-06 0
0 1,221059 -5,33742E-08 1
15,048 0 0 0
0 -2,661531E-06 -15,048 0
0 15,048 -2,661531E-06 0
0 1,22106 -5,33742E-08 1
15,048 0 0 0
0 -7,524004 -13,03195 0
0 13,03195 -7,524004 0
0 1,24103 -0,002054502 1
15,048 0 0 0
0 -7,524004 -13,03195 0
0 13,03195 -7,524004 0
0 1,24103 -0,002054477 1
15,048 0 0 0
0 -7,524004 -13,03195 0
0 13,03195 -7,524004 0
0 1,24103 -0,00205446 1
15,048 0 0 0
0 -2,661531E-06 -15,048 0
0 15,048 -2,661531E-06 0
0 1,22106 -5,215406E-08 1
15,048 0 0 0
0 -3,894712 -14,53525 0
0 14,53525 -3,894712 0
0 1,191387 0,01417181 1
15,048 0 0 0
0 -2,661531E-06 -15,048 0
0 15,048 -2,661531E-06 0
4,656613E-10 1,233549 -0,009155129 1
15,048 0 0 0
0 -2,661531E-06 -15,048 0
0 15,048 -2,661531E-06 0
1,164153E-10 1,233549 -0,009155165 1
15,048 0 0 0
0 -2,661531E-06 -15,048 0
0 15,048 -2,661531E-06 0
0 1,233549 -0,009155191 1
15,048 0 0 0
0 -2,661531E-06 -15,048 0
0 15,048 -2,661531E-06 0
-9,313226E-10 1,233549 -0,00915517 1
15,048 0 0 0
0 -2,661531E-06 -15,048 0
0 15,048 -2,661531E-06 0
-2,328306E-10 1,233549 -0,00915519 1
15,048 0 0 0
0 -2,661531E-06 -15,048 0
0 15,048 -2,661531E-06 0
0 1,22106 -5,401671E-08 1
7,524 13,03195 0 0
2,304954E-06 -1,330766E-06 -15,048 0
-13,03195 7,524 -2,661531E-06 0
0,09033201 1,152669 -5,215406E-08 1
-8,969307E-07 15,048 0 0
2,661531E-06 1,586396E-13 -15,048 0
-15,048 -8,969307E-07 -2,661531E-06 0
0,2487059 1,168027 -4,842877E-08 1
-8,969307E-07 15,048 0 0
2,661531E-06 1,586396E-13 -15,048 0
-15,048 -8,969307E-07 -2,661531E-06 0
0,2487059 1,168027 -5,215406E-08 1
-8,969307E-07 15,048 0 0
2,661531E-06 1,586396E-13 -15,048 0
-15,048 -8,969307E-07 -2,661531E-06 0
0,248706 1,168027 -4,470348E-08 1
-8,969307E-07 15,048 0 0
2,661531E-06 1,586396E-13 -15,048 0
-15,048 -8,969307E-07 -2,661531E-06 0
0,248706 1,168027 -4,377216E-08 1
15,048 0 0 0
0 -2,661531E-06 -15,048 0
0 15,048 -2,661531E-06 0
0 1,221059 -4,656613E-08 1
15,048 0 0 0
0 -2,661531E-06 -15,048 0
0 15,048 -2,661531E-06 0
0 1,221059 -5,215406E-08 1
15,048 0 0 0
0 -2,661531E-06 -15,048 0
0 15,048 -2,661531E-06 0
7,450581E-09 1,221059 -4,470348E-08 1
15,048 0 0 0
0 -2,661531E-06 -15,048 0
0 15,048 -2,661531E-06 0
0 1,22106 -5,215406E-08 1
15,048 0 0 0
0 -3,89471 -14,53525 0
0 14,53525 -3,89471 0
0 1,226691 -0,007251197 1
15,048 0 0 0
0 -3,89471 -14,53525 0
0 14,53525 -3,89471 0
0 1,226691 -0,007251206 1
15,048 0 0 0
0 -3,89471 -14,53525 0
0 14,53525 -3,89471 0
0 1,226691 -0,007251181 1
15,048 0 0 0
0 7,524002 -13,03195 0
0 13,03195 7,524002 0
0 1,14331 0,1583534 1
15,048 0 0 0
0 -2,661531E-06 -15,048 0
0 15,048 -2,661531E-06 0
0 1,22106 -5,254752E-08 1
7,524 -13,03195 1,139289E-06 0
-1,165664E-06 -1,988535E-06 -15,048 0
13,03195 7,524 -2,003762E-06 0
-0,09033187 1,152669 -4,977615E-08 1
-8,969307E-07 -15,048 1,315538E-06 0
-1,345993E-06 -1,315538E-06 -15,048 0
15,048 -8,969308E-07 -1,345993E-06 0
-0,2487053 1,168027 -5,679174E-08 1
-8,969307E-07 -15,048 1,315538E-06 0
-1,345993E-06 -1,315538E-06 -15,048 0
15,048 -8,969308E-07 -1,345993E-06 0
-0,2487053 1,168027 -5,367559E-08 1
-8,969307E-07 -15,048 1,315538E-06 0
-1,345993E-06 -1,315538E-06 -15,048 0
15,048 -8,969308E-07 -1,345993E-06 0
-0,2487053 1,168027 -4,920962E-08 1
-8,969307E-07 -15,048 1,315538E-06 0
-1,345993E-06 -1,315538E-06 -15,048 0
15,048 -8,969308E-07 -1,345993E-06 0
-0,2487052 1,168027 -4,646742E-08 1
15,048 0 0 0
0 -2,661531E-06 -15,048 0
0 15,048 -2,661531E-06 0
0 1,221059 -5,33742E-08 1
15,048 0 0 0
0 -2,661531E-06 -15,048 0
0 15,048 -2,661531E-06 0
0 1,252624 -5,33742E-08 1
15,048 0 0 0
0 -7,524004 -13,03195 0
0 13,03195 -7,524004 0
0 1,272595 -0,002054502 1
15,048 0 0 0
0 -7,012201 -13,31433 0
0 13,31433 -7,012201 0
0 1,264097 0,001244224 1
15,048 0 0 0
0 -7,012201 -13,31433 0
0 13,31433 -7,012201 0
0 1,264097 0,001244239 1
15,048 0 0 0
0 -2,661531E-06 -15,048 0
0 15,048 -2,661531E-06 0
0 1,252624 -5,215406E-08 1
15,048 0 0 0
0 -3,442236 -14,649 0
0 14,649 -3,442236 0
0 1,226259 0,01209408 1
15,048 0 0 0
0 0,4664968 -15,04077 0
0 15,04077 0,4664968 0
4,656613E-10 1,269124 -0,00991463 1
15,048 0 0 0
0 -3,109997E-06 -15,048 0
0 15,048 -3,109997E-06 0
1,164153E-10 1,259465 -0,008198408 1
15,048 0 0 0
0 -3,109997E-06 -15,048 0
0 15,048 -3,109997E-06 0
0 1,259465 -0,00819847 1
15,048 0 0 0
0 2,586585 -14,82403 0
0 14,82403 2,586585 0
-9,313226E-10 1,303424 -0,02480135 1
15,048 0 0 0
0 2,586585 -14,82403 0
0 14,82403 2,586585 0
-2,328306E-10 1,303424 -0,02480138 1
15,048 0 0 0
0 -2,661531E-06 -15,048 0
0 15,048 -2,661531E-06 0
0 1,252624 -5,401671E-08 1
11,87496 9,242702 0 0
1,634751E-06 -2,100318E-06 -15,048 0
-9,242702 11,87496 -2,661531E-06 0
0,04905928 1,197789 -5,215406E-08 1
5,671557 13,93828 0 0
2,465256E-06 -1,003125E-06 -15,048 0
-13,93828 5,671557 -2,661531E-06 0
0,2013751 1,152426 -4,842877E-08 1
2,690078 14,8056 0 0
2,618658E-06 -4,757926E-07 -15,048 0
-14,8056 2,690078 -2,661531E-06 0
0,3082268 1,154847 -5,215406E-08 1
-0,4381439 15,04162 0 0
2,660403E-06 7,749427E-08 -15,048 0
-15,04162 -0,4381439 -2,661531E-06 0
0,4596658 1,179453 -4,470348E-08 1
-0,4381439 15,04162 0 0
2,660403E-06 7,749427E-08 -15,048 0
-15,04162 -0,4381439 -2,661531E-06 0
0,4596658 1,179453 -4,377216E-08 1
15,048 0 0 0
0 -2,661531E-06 -15,048 0
0 15,048 -2,661531E-06 0
0 1,252624 -4,656613E-08 1
15,048 0 0 0
0 -2,661531E-06 -15,048 0
0 15,048 -2,661531E-06 0
0 1,252624 -5,215406E-08 1
15,048 0 0 0
0 -0,7914379 -15,02717 0
0 15,02717 -0,7914379 0
7,450581E-09 1,2579 -0,008429283 1
15,048 0 0 0
0 2,307195 -14,87008 0
0 14,87008 2,307195 0
0 1,239087 0,03783978 1
15,048 0 0 0
0 -3,89471 -14,53525 0
0 14,53525 -3,89471 0
0 1,258255 -0,007251197 1
15,048 0 0 0
0 -4,343443 -14,40753 0
0 14,40753 -4,343443 0
0 1,260613 -0,01058191 1
15,048 0 0 0
0 -4,343443 -14,40753 0
0 14,40753 -4,343443 0
0 1,260613 -0,0105819 1
15,048 0 0 0
0 8,037752 -12,72151 0
0 12,72151 8,037752 0
0 1,169353 0,1686847 1
15,048 0 0 0
0 -2,661531E-06 -15,048 0
0 15,048 -2,661531E-06 0
0 1,252624 -5,254752E-08 1
11,87496 -9,242702 8,080227E-07 0
-8,267288E-07 -2,377714E-06 -15,048 0
9,242702 11,87496 -2,384136E-06 0
-0,0490592 1,197789 -5,09612E-08 1
5,671557 -13,93828 1,218523E-06 0
-1,246733E-06 -1,82284E-06 -15,048 0
13,93828 5,671557 -1,841817E-06 0
-0,2013747 1,152426 -5,509409E-08 1
2,690078 -14,8056 1,294347E-06 0
-1,324311E-06 -1,556156E-06 -15,048 0
14,8056 2,690078 -1,581167E-06 0
-0,3082264 1,154848 -5,193461E-08 1
-0,4274045 -15,04193 1,315007E-06 0
-1,34545E-06 -1,277308E-06 -15,048 0
15,04193 -0,4274045 -1,308628E-06 0
-0,4591581 1,179315 -4,966279E-08 1
-0,4274045 -15,04193 1,315007E-06 0
-1,34545E-06 -1,277308E-06 -15,048 0
15,04193 -0,4274045 -1,308628E-06 0
-0,459158 1,179315 -4,410949E-08 1
15,048 0 0 0
0 -2,661531E-06 -15,048 0
0 15,048 -2,661531E-06 0
0 1,221059 -5,33742E-08 1
15,048 0 0 0
0 -2,661531E-06 -15,048 0
0 15,048 -2,661531E-06 0
0 1,327292 -5,33742E-08 1
15,048 0 0 0
0 -7,524004 -13,03195 0
0 13,03195 -7,524004 0
0 1,347263 -0,002054502 1
15,048 0 0 0
0 -5,99394 -13,80272 0
0 13,80272 -5,99394 0
0 1,322012 0,006672474 1
15,048 0 0 0
0 -5,99394 -13,80272 0
0 13,80272 -5,99394 0
0 1,322012 0,006672448 1
15,048 0 0 0
0 -2,661531E-06 -15,048 0
0 15,048 -2,661531E-06 0
0 1,327292 -5,215406E-08 1
15,048 0 0 0
0 -2,634127 -14,81566 0
0 14,81566 -2,634127 0
0 1,306927 0,008673906 1
15,048 0 0 0
0 1,290203 -14,99259 0
0 14,99259 1,290203 0
4,656613E-10 1,350934 -0,01095225 1
15,048 0 0 0
0 -3,109997E-06 -15,048 0
0 15,048 -3,109997E-06 0
1,164153E-10 1,32408 -0,006936548 1
15,048 0 0 0
0 -3,109997E-06 -15,048 0
0 15,048 -3,109997E-06 0
0 1,32408 -0,006936609 1
15,048 0 0 0
0 5,124099 -14,14871 0
0 14,14871 5,124099 0
-9,313226E-10 1,416842 -0,03095764 1
15,048 0 0 0
0 5,124099 -14,14871 0
0 14,14871 5,124099 0
-2,328306E-10 1,416842 -0,0309577 1
15,048 0 0 0
0 -2,661531E-06 -15,048 0
0 15,048 -2,661531E-06 0
0 1,327292 -5,401671E-08 1
15,04486 -0,307546 0 0
-5,439549E-08 -2,660975E-06 -15,048 0
0,307546 15,04486 -2,661531E-06 0
-0,0008781613 1,329435 -5,215406E-08 1
12,39896 8,526907 0 0
1,508149E-06 -2,192997E-06 -15,048 0
-8,526907 12,39896 -2,661531E-06 0
0,1130486 1,179404 -4,842877E-08 1
8,014566 12,73613 0 0
2,252633E-06 -1,417532E-06 -15,048 0
-12,73613 8,014566 -2,661531E-06 0
0,3005748 1,086664 -5,215406E-08 1
2,892342 14,76742 0 0
2,611905E-06 -5,115669E-07 -15,048 0
-14,76742 2,892342 -2,661531E-06 0
0,5673828 1,048748 -4,470348E-08 1
2,892342 14,76742 0 0
2,611905E-06 -5,115669E-07 -15,048 0
-14,76742 2,892342 -2,661531E-06 0
0,5673828 1,048748 -4,377216E-08 1
15,048 0 0 0
0 -2,661531E-06 -15,048 0
0 15,048 -2,661531E-06 0
0 1,327292 -4,656613E-08 1
15,048 0 0 0
0 -2,661531E-06 -15,048 0
0 15,048 -2,661531E-06 0
0 1,327292 -5,215406E-08 1
15,048 0 0 0
0 -2,368733 -14,8604 0
0 14,8604 -2,368733 0
7,450581E-09 1,341771 -0,02609795 1
15,048 0 0 0
0 7,918362 -12,79617 0
0 12,79617 7,918362 0
0 1,255862 0,1193323 1
15,048 0 0 0
0 -3,89471 -14,53525 0
0 14,53525 -3,89471 0
0 1,332923 -0,007251197 1
15,048 0 0 0
0 -5,126611 -14,1478 0
0 14,1478 -5,126611 0
0 1,339195 -0,01664584 1
15,048 0 0 0
0 -5,126611 -14,1478 0
0 14,1478 -5,126611 0
0 1,339195 -0,01664582 1
15,048 0 0 0
0 9,405898 -11,74613 0
0 11,74613 9,405898 0
0 1,225652 0,1915288 1
15,048 0 0 0
0 -2,661531E-06 -15,048 0
0 15,048 -2,661531E-06 0
0 1,327292 -5,254752E-08 1
15,04486 0,307546 -2,688653E-08 0
2,750896E-08 -2,66125E-06 -15,048 0
-0,307546 15,04486 -2,661257E-06 0
0,000878159 1,329435 -5,594235E-08 1
12,39849 -8,527586 7,455052E-07 0
-7,627641E-07 -2,424542E-06 -15,048 0
8,527586 12,39849 -2,429904E-06 0
-0,1130623 1,179395 -4,875184E-08 1
8,017905 -12,73403 1,113244E-06 0
-1,139016E-06 -2,032713E-06 -15,048 0
12,73403 8,017905 -2,046941E-06 0
-0,300435 1,086707 -3,81523E-08 1
2,660277 -14,81098 1,294817E-06 0
-1,324793E-06 -1,553491E-06 -15,048 0
14,81098 2,660277 -1,578562E-06 0
-0,5789582 1,049316 -3,263005E-08 1
2,660277 -14,81098 1,294817E-06 0
-1,324793E-06 -1,553491E-06 -15,048 0
14,81098 2,660277 -1,578562E-06 0
-0,578958 1,049316 -2,664234E-08 1
15,048 0 0 0
0 -2,661531E-06 -15,048 0
0 15,048 -2,661531E-06 0
0 1,221059 -5,33742E-08 1
15,048 0 0 0
0 -2,661531E-06 -15,048 0
0 15,048 -2,661531E-06 0
0 1,415021 -5,33742E-08 1
15,048 0 0 0
0 -7,524004 -13,03195 0
0 13,03195 -7,524004 0
0 1,434991 -0,002054502 1
15,048 0 0 0
0 -4,489163 -14,36279 0
0 14,36279 -4,489163 0
0 1,385319 0,01219585 1
15,048 0 0 0
0 -4,489163 -14,36279 0
0 14,36279 -4,489163 0
0 1,385319 0,01219585 1
15,048 0 0 0
0 -2,661531E-06 -15,048 0
0 15,048 -2,661531E-06 0
0 1,415021 -5,215406E-08 1
15,048 0 0 0
0 -1,656638 -14,95653 0
0 14,95653 -1,656638 0
0 1,402072 0,005020068 1
15,048 0 0 0
0 2,270846 -14,87567 0
0 14,87567 2,270846 0
4,656613E-10 1,447271 -0,01167726 1
15,048 0 0 0
0 -2,549415E-06 -15,048 0
0 15,048 -2,549415E-06 0
1,164153E-10 1,399707 -0,006153346 1
15,048 0 0 0
0 -2,549415E-06 -15,048 0
0 15,048 -2,549415E-06 0
0 1,399707 -0,006153435 1
15,048 0 0 0
0 4,260959 -14,43214 0
0 14,43214 4,260959 0
-9,313226E-10 1,48153 -0,02197776 1
15,048 0 0 0
0 4,260959 -14,43214 0
0 14,43214 4,260959 0
-2,328306E-10 1,48153 -0,02197781 1
15,048 0 0 0
0 -2,661531E-06 -15,048 0
0 15,048 -2,661531E-06 0
0 1,415021 -5,401671E-08 1
10,96566 -10,30517 0 0
-1,822669E-06 -1,939491E-06 -15,048 0
10,30517 10,96566 -2,661531E-06 0
-0,00183501 1,498458 -5,215406E-08 1
15,0407 0,4688234 0 0
8,292054E-08 -2,660239E-06 -15,048 0
-0,4688234 15,0407 -2,661531E-06 0
-0,00257182 1,26316 -4,842877E-08 1
12,80042 7,911485 0 0
1,3993E-06 -2,264003E-06 -15,048 0
-7,911485 12,80042 -2,661531E-06 0
0,1480755 1,042068 -5,215406E-08 1
7,264607 13,17831 0 0
2,33084E-06 -1,284887E-06 -15,048 0
-13,17831 7,264607 -2,661531E-06 0
0,4716044 0,8550512 -4,470348E-08 1
7,264607 13,17831 0 0
2,33084E-06 -1,284887E-06 -15,048 0
-13,17831 7,264607 -2,661531E-06 0
0,4716045 0,8550512 -4,377216E-08 1
15,048 0 0 0
0 -2,661531E-06 -15,048 0
0 15,048 -2,661531E-06 0
0 1,415021 -4,656613E-08 1
15,048 0 0 0
0 -2,661531E-06 -15,048 0
0 15,048 -2,661531E-06 0
0 1,415021 -5,215406E-08 1
15,048 0 0 0
0 -4,432655 -14,38033 0
0 14,38033 -4,432655 0
7,450581E-09 1,438802 -0,05103534 1
15,048 0 0 0
0 13,03336 -7,521561 0
0 7,521561 13,03336 0
0 1,241957 0,1781052 1
15,048 0 0 0
0 -3,89471 -14,53525 0
0 14,53525 -3,89471 0
0 1,420652 -0,007251197 1
15,048 0 0 0
0 -6,04358 -13,78106 0
0 13,78106 -6,04358 0
0 1,431162 -0,02417267 1
15,048 0 0 0
0 -6,04358 -13,78106 0
0 13,78106 -6,04358 0
0 1,431162 -0,02417265 1
15,048 0 0 0
0 11,01144 -10,25625 0
0 10,25625 11,01144 0
0 1,287176 0,2163925 1
15,048 0 0 0
0 -2,661531E-06 -15,048 0
0 15,048 -2,661531E-06 0
0 1,415021 -5,254752E-08 1
10,96566 10,30517 -9,009064E-07 0
9,217629E-07 -2,29638E-06 -15,048 0
-10,30517 10,96566 -2,304642E-06 0
0,001834945 1,498458 -6,304932E-08 1
15,04065 -0,4703859 4,112244E-08 0
-4,207445E-08 -2,660873E-06 -15,048 0
0,4703859 15,04065 -2,660888E-06 0
0,002559258 1,263131 -4,939457E-08 1
12,80436 -7,905102 6,910859E-07 0
-7,07085E-07 -2,460845E-06 -15,048 0
7,905102 12,80436 -2,465386E-06 0
-0,147875 1,042259 -2,532231E-08 1
7,148644 -13,24157 1,157615E-06 0
-1,184414E-06 -1,95496E-06 -15,048 0
13,24157 7,148644 -1,970948E-06 0
-0,4779022 0,8533037 -4,857225E-09 1
7,148644 -13,24157 1,157615E-06 0
-1,184414E-06 -1,95496E-06 -15,048 0
13,24157 7,148644 -1,970948E-06 0
-0,4779022 0,8533038 -2,19872E-09 1
15,048 0 0 0
0 -2,661531E-06 -15,048 0
0 15,048 -2,661531E-06 0
0 1,221059 -5,33742E-08 1
15,048 0 0 0
0 -2,661531E-06 -15,048 0
0 15,048 -2,661531E-06 0
0 1,48577 -5,33742E-08 1
15,048 0 0 0
0 -7,524004 -13,03195 0
0 13,03195 -7,524004 0
0 1,50574 -0,002054502 1
15,048 0 0 0
0 -2,790904 -14,78693 0
0 14,78693 -2,790904 0
0 1,428939 0,01521564 1
15,048 0 0 0
0 -2,790904 -14,78693 0
0 14,78693 -2,790904 0
0 1,428939 0,01521564 1
15,048 0 0 0
0 -2,661531E-06 -15,048 0
0 15,048 -2,661531E-06 0
0 1,48577 -5,215406E-08 1
15,048 0 0 0
0 -0,7256037 -15,0305 0
0 15,0305 -0,7256037 0
0 1,48004 0,002019192 1
15,048 0 0 0
0 3,189299 -14,70614 0
0 14,70614 3,189299 0
4,656613E-10 1,526187 -0,01184202 1
15,048 0 0 0
0 -3,166055E-06 -15,048 0
0 15,048 -3,166055E-06 0
1,164153E-10 1,458987 -0,006144552 1
15,048 0 0 0
0 -3,166055E-06 -15,048 0
0 15,048 -3,166055E-06 0
0 1,458987 -0,006144613 1
15,048 0 0 0
0 2,112776 -14,89894 0
0 14,89894 2,112776 0
-9,313226E-10 1,50806 -0,005549101 1
15,048 0 0 0
0 2,112776 -14,89894 0
0 14,89894 2,112776 0
-2,328306E-10 1,50806 -0,005549146 1
15,048 0 0 0
0 -2,661531E-06 -15,048 0
0 15,048 -2,661531E-06 0
0 1,48577 -5,401671E-08 1
1,258535 -14,99528 0 0
-2,652207E-06 -2,225963E-07 -15,048 0
14,99528 1,258535 -2,661531E-06 0
0,05178258 1,63015 -5,215406E-08 1
9,324304 -11,811 0 0
-2,089005E-06 -1,649184E-06 -15,048 0
11,811 9,324304 -2,661531E-06 0
-0,07968553 1,511433 -4,842877E-08 1
13,76873 -6,071599 0 0
-1,07388E-06 -2,435268E-06 -15,048 0
6,071599 13,76873 -2,661531E-06 0
-0,1661077 1,276993 -5,215406E-08 1
13,65692 6,319087 0 0
1,117653E-06 -2,415492E-06 -15,048 0
-6,319087 13,65692 -2,661531E-06 0
-0,01888118 0,6891403 -4,470348E-08 1
13,65692 6,319087 0 0
1,117653E-06 -2,415492E-06 -15,048 0
-6,319087 13,65692 -2,661531E-06 0
-0,01888109 0,6891402 -4,377216E-08 1
15,048 0 0 0
0 -2,661531E-06 -15,048 0
0 15,048 -2,661531E-06 0
0 1,48577 -4,656613E-08 1
15,048 0 0 0
0 -2,661531E-06 -15,048 0
0 15,048 -2,661531E-06 0
0 1,48577 -5,215406E-08 1
15,048 0 0 0
0 -6,27627 -13,67665 0
0 13,67665 -6,27627 0
7,450581E-09 1,514982 -0,0752188 1
15,048 0 0 0
0 15,01212 -1,038578 0
0 1,038578 15,01212 0
0 1,210026 0,1813896 1
15,048 0 0 0
0 -3,89471 -14,53525 0
0 14,53525 -3,89471 0
0 1,491401 -0,007251197 1
15,048 0 0 0
0 -6,886861 -13,37959 0
0 13,37959 -6,886861 0
0 1,505458 -0,03153215 1
15,048 0 0 0
0 -6,886861 -13,37959 0
0 13,37959 -6,886861 0
0 1,505458 -0,03153212 1
15,048 0 0 0
0 12,24331 -8,748931 0
0 8,748931 12,24331 0
0 1,333661 0,2347149 1
15,048 0 0 0
0 -2,661531E-06 -15,048 0
0 15,048 -2,661531E-06 0
0 1,48577 -5,254752E-08 1
1,258535 14,99528 -1,310929E-06 0
1,341278E-06 -1,42811E-06 -15,048 0
-14,99528 1,258535 -1,456018E-06 0
-0,05178265 1,63015 -6,83771E-08 1
9,293363 11,83536 -1,03468E-06 0
1,058633E-06 -2,146798E-06 -15,048 0
-11,83536 9,293363 -2,158445E-06 0
0,07926765 1,512121 -6,612364E-08 1
13,97497 5,580559 -4,87868E-07 0
4,991624E-07 -2,565552E-06 -15,048 0
-5,580559 13,97497 -2,567724E-06 0
0,1681349 1,258305 -4,060892E-08 1
14,3162 -4,635592 4,052563E-07 0
-4,146382E-07 -2,596074E-06 -15,048 0
4,635592 14,3162 -2,597555E-06 0
0,06735396 0,7686558 7,525559E-09 1
14,3162 -4,635592 4,052563E-07 0
-4,146382E-07 -2,596074E-06 -15,048 0
4,635592 14,3162 -2,597555E-06 0
0,06735404 0,7686559 1,110902E-08 1
15,048 0 0 0
0 -2,661531E-06 -15,048 0
0 15,048 -2,661531E-06 0
0 1,221059 -5,33742E-08 1
15,048 0 0 0
0 -2,661531E-06 -15,048 0
0 15,048 -2,661531E-06 0
0 1,509955 -5,33742E-08 1
15,048 0 0 0
0 -7,524004 -13,03195 0
0 13,03195 -7,524004 0
0 1,529926 -0,002054502 1
15,048 0 0 0
0 -1,253205 -14,99573 0
0 14,99573 -1,253205 0
0 1,428926 0,01524175 1
15,048 0 0 0
0 -1,253205 -14,99573 0
0 14,99573 -1,253205 0
0 1,428926 0,01524172 1
15,048 0 0 0
0 -2,661531E-06 -15,048 0
0 15,048 -2,661531E-06 0
0 1,509955 -5,215406E-08 1
15,048 0 0 0
0 -0,2045533 -15,04661 0
0 15,04661 -0,2045533 0
0 1,508331 0,0005409711 1
15,048 0 0 0
0 3,696766 -14,58685 0
0 14,58685 3,696766 0
4,656613E-10 1,554931 -0,01171349 1
15,048 0 0 0
0 -2,633502E-06 -15,048 0
0 15,048 -2,633502E-06 0
1,164153E-10 1,476779 -0,006449074 1
15,048 0 0 0
0 -2,633502E-06 -15,048 0
0 15,048 -2,633502E-06 0
0 1,476779 -0,006449133 1
15,048 0 0 0
0 0,1268128 -15,04747 0
0 15,04747 0,1268128 0
-9,313226E-10 1,496351 0,01189006 1
15,048 0 0 0
0 0,1268128 -15,04747 0
0 15,04747 0,1268128 0
-2,328306E-10 1,496351 0,01189003 1
15,048 0 0 0
0 -2,661531E-06 -15,048 0
0 15,048 -2,661531E-06 0
0 1,509955 -5,401671E-08 1
-3,646947 -14,59939 0 0
-2,582186E-06 6,450335E-07 -15,048 0
14,59939 -3,646947 -2,661531E-06 0
0,08697232 1,665944 -5,215406E-08 1
-1,42443 -14,98043 0 0
-2,649581E-06 2,519382E-07 -15,048 0
14,98043 -1,42443 -2,661531E-06 0
0,04172733 1,657304 -4,842877E-08 1
3,893034 -14,5357 0 0
-2,570921E-06 -6,885588E-07 -15,048 0
14,5357 3,893034 -2,661531E-06 0
-0,1282083 1,587614 -5,215406E-08 1
14,45512 -4,182333 0 0
-7,397269E-07 -2,556669E-06 -15,048 0
4,182333 14,45512 -2,661531E-06 0
-0,5118209 0,9743805 -4,470348E-08 1
14,45512 -4,182333 0 0
-7,397269E-07 -2,556669E-06 -15,048 0
4,182333 14,45512 -2,661531E-06 0
-0,511821 0,9743804 -4,377216E-08 1
15,048 0 0 0
0 -2,661531E-06 -15,048 0
0 15,048 -2,661531E-06 0
0 1,509955 -4,656613E-08 1
15,048 0 0 0
0 -2,661531E-06 -15,048 0
0 15,048 -2,661531E-06 0
0 1,509955 -5,215406E-08 1
15,048 0 0 0
0 -7,318243 -13,1486 0
0 13,1486 -7,318243 0
7,450581E-09 1,540873 -0,08979161 1
15,048 0 0 0
0 14,66855 3,357974 0
0 -3,357974 14,66855 0
0 1,17341 0,1569266 1
15,048 0 0 0
0 -3,89471 -14,53525 0
0 14,53525 -3,89471 0
0 1,515586 -0,007251197 1
15,048 0 0 0
0 -7,34616 -13,13302 0
0 13,13302 -7,34616 0
0 1,531422 -0,03573077 1
15,048 0 0 0
0 -7,34616 -13,13302 0
0 13,13302 -7,34616 0
0 1,531421 -0,03573073 1
15,048 0 0 0
0 12,97444 -7,622743 0
0 7,622743 12,97444 0
0 1,339944 0,2439491 1
15,048 0 0 0
0 -2,661531E-06 -15,048 0
0 15,048 -2,661531E-06 0
0 1,509955 -5,254752E-08 1
-3,646947 14,59939 -1,276319E-06 0
1,305866E-06 -9,893307E-07 -15,048 0
-14,59939 -3,646947 -1,027167E-06 0
-0,08697236 1,665943 -6,939194E-08 1
-0,590669 15,0364 -1,314524E-06 0
1,344956E-06 -1,262705E-06 -15,048 0
-15,0364 -0,590669 -1,294355E-06 0
-0,02537751 1,652399 -7,39441E-08 1
6,844147 13,40149 -1,171596E-06 0
1,198719E-06 -1,927724E-06 -15,048 0
-13,40149 6,844147 -1,944328E-06 0
0,2017282 1,521704 -6,206025E-08 1
14,29652 4,695958 -4,105337E-07 0
4,200378E-07 -2,594313E-06 -15,048 0
-4,695958 14,29652 -2,595835E-06 0
0,4563571 1,022436 -1,265557E-08 1
14,29652 4,695958 -4,105337E-07 0
4,200378E-07 -2,594313E-06 -15,048 0
-4,695958 14,29652 -2,595835E-06 0
0,456357 1,022436 -8,706003E-09 1
15,048 0 0 0
0 -2,661531E-06 -15,048 0
0 15,048 -2,661531E-06 0
0 1,221059 -5,33742E-08 1
15,048 0 0 0
0 -2,661531E-06 -15,048 0
0 15,048 -2,661531E-06 0
0 1,497936 -5,33742E-08 1
15,048 0 0 0
0 -7,524004 -13,03195 0
0 13,03195 -7,524004 0
0 1,517906 -0,002054502 1
15,048 0 0 0
0 -0,235904 -15,04615 0
0 15,04615 -0,235904 0
0 1,401079 0,01390347 1
15,048 0 0 0
0 -0,235904 -15,04615 0
0 15,04615 -0,235904 0
0 1,401079 0,01390346 1
15,048 0 0 0
0 -2,661531E-06 -15,048 0
0 15,048 -2,661531E-06 0
0 1,497936 -5,215406E-08 1
15,048 0 0 0
0 -0,101567 -15,04766 0
0 15,04766 -0,101567 0
0 1,497128 0,0002658116 1
15,048 0 0 0
0 3,796514 -14,56121 0
0 14,56121 3,796514 0
4,656613E-10 1,543811 -0,01166942 1
15,048 0 0 0
0 -2,787662E-06 -15,048 0
0 15,048 -2,787662E-06 0
1,164153E-10 1,463497 -0,00653544 1
15,048 0 0 0
0 -2,787662E-06 -15,048 0
0 15,048 -2,787662E-06 0
0 1,463497 -0,0065355 1
15,048 0 0 0
0 0,574056 -15,03705 0
0 15,03705 0,574056 0
-9,313226E-10 1,490418 0,0087176 1
15,048 0 0 0
0 0,574056 -15,03705 0
0 15,03705 0,574056 0
-2,328306E-10 1,490418 0,008717576 1
15,048 0 0 0
0 -2,661531E-06 -15,048 0
0 15,048 -2,661531E-06 0
0 1,497936 -5,401671E-08 1
3,351625 -14,67 0 0
-2,594675E-06 -5,928E-07 -15,048 0
14,67 3,351625 -2,661531E-06 0
0,03821386 1,633934 -5,215406E-08 1
-0,1216435 -15,04751 0 0
-2,661445E-06 2,151502E-08 -15,048 0
15,04751 -0,1216435 -2,661531E-06 0
0,1019481 1,666047 -4,842877E-08 1
2,457129 -14,84604 0 0
-2,62581E-06 -4,345911E-07 -15,048 0
14,84604 2,457129 -2,661531E-06 0
0,01938835 1,632716 -5,215406E-08 1
10,07051 -11,18155 0 0
-1,977675E-06 -1,781166E-06 -15,048 0
11,18155 10,07051 -2,661531E-06 0
-0,3006316 1,371287 -4,470348E-08 1
10,07051 -11,18155 0 0
-1,977675E-06 -1,781166E-06 -15,048 0
11,18155 10,07051 -2,661531E-06 0
-0,3006317 1,371287 -4,377216E-08 1
15,048 0 0 0
0 -2,661531E-06 -15,048 0
0 15,048 -2,661531E-06 0
0 1,497935 -4,656613E-08 1
15,048 0 0 0
0 -2,661531E-06 -15,048 0
0 15,048 -2,661531E-06 0
0 1,497935 -5,215406E-08 1
15,048 0 0 0
0 -7,457222 -13,07028 0
0 13,07028 -7,457222 0
7,450581E-09 1,528998 -0,0917901 1
15,048 0 0 0
0 14,58913 3,687744 0
0 -3,687744 14,58913 0
0 1,157397 0,1545006 1
15,048 0 0 0
0 -3,89471 -14,53525 0
0 14,53525 -3,89471 0
0 1,503567 -0,007251197 1
15,048 0 0 0
0 -7,435874 -13,08244 0
0 13,08244 -7,435874 0
0 1,519736 -0,03656738 1
15,048 0 0 0
0 -7,435874 -13,08244 0
0 13,08244 -7,435874 0
0 1,519736 -0,03656735 1
15,048 0 0 0
0 13,05663 -7,481094 0
0 7,481094 13,05663 0
0 1,325962 0,2452428 1
15,048 0 0 0
0 -2,661531E-06 -15,048 0
0 15,048 -2,661531E-06 0
0 1,497936 -5,254752E-08 1
3,351625 14,67 -1,282492E-06 0
1,312183E-06 -1,61533E-06 -15,048 0
-14,67 3,351625 -1,639002E-06 0
-0,03821393 1,633934 -6,764436E-08 1
-0,1314891 15,04743 -1,315488E-06 0
1,345942E-06 -1,303777E-06 -15,048 0
-15,04743 -0,1314891 -1,334498E-06 0
-0,1021368 1,666116 -7,740013E-08 1
4,120306 14,47292 -1,265263E-06 0
1,294554E-06 -1,684086E-06 -15,048 0
-14,47292 4,120306 -1,706202E-06 0
0,03147419 1,603206 -6,760199E-08 1
11,17899 10,07335 -8,806404E-07 0
9,010278E-07 -2,315461E-06 -15,048 0
-10,07335 11,17899 -2,323292E-06 0
0,3167011 1,31318 -3,812888E-08 1
11,17899 10,07335 -8,806404E-07 0
9,010278E-07 -2,315461E-06 -15,048 0
-10,07335 11,17899 -2,323292E-06 0
0,316701 1,31318 -3,477829E-08 1
15,048 0 0 0
0 -2,661531E-06 -15,048 0
0 15,048 -2,661531E-06 0
0 1,221059 -5,33742E-08 1
15,048 0 0 0
0 -2,661531E-06 -15,048 0
0 15,048 -2,661531E-06 0
0 1,470262 -5,33742E-08 1
15,048 0 0 0
0 -7,524004 -13,03195 0
0 13,03195 -7,524004 0
0 1,490232 -0,002054502 1
15,048 0 0 0
0 -0,06437179 -15,04786 0
0 15,04786 -0,06437179 0
0 1,370751 0,01357288 1
15,048 0 0 0
0 -0,06437179 -15,04786 0
0 15,04786 -0,06437179 0
0 1,370751 0,01357288 1
15,048 0 0 0
0 -2,661531E-06 -15,048 0
0 15,048 -2,661531E-06 0
0 1,470262 -5,215406E-08 1
15,048 0 0 0
0 -0,3295325 -15,04439 0
0 15,04439 -0,3295325 0
0 1,467648 0,0008824274 1
15,048 0 0 0
0 3,575471 -14,61705 0
0 14,61705 3,575471 0
4,656613E-10 1,514145 -0,01175869 1
15,048 0 0 0
0 -2,185037E-06 -15,048 0
0 15,048 -2,185037E-06 0
1,164153E-10 1,438617 -0,006355865 1
15,048 0 0 0
0 -2,185037E-06 -15,048 0
0 15,048 -2,185037E-06 0
0 1,438617 -0,006355888 1
15,048 0 0 0
0 3,551588 -14,62288 0
0 14,62288 3,551588 0
-9,313226E-10 1,513729 -0,01164277 1
15,048 0 0 0
0 3,551588 -14,62288 0
0 14,62288 3,551588 0
-2,328306E-10 1,513729 -0,01164282 1
15,048 0 0 0
0 -2,661531E-06 -15,048 0
0 15,048 -2,661531E-06 0
0 1,470262 -5,401671E-08 1
6,834703 -13,40631 0 0
-2,371166E-06 -1,20885E-06 -15,048 0
13,40631 6,834703 -2,661531E-06 0
0,01774829 1,587301 -5,215406E-08 1
0,1191424 -15,04753 0 0
-2,661448E-06 -2,107266E-08 -15,048 0
15,04753 0,1191424 -2,661531E-06 0
0,1344472 1,666824 -4,842877E-08 1
-0,6077208 -15,03572 0 0
-2,65936E-06 1,074872E-07 -15,048 0
15,03572 -0,6077208 -2,661531E-06 0
0,1584284 1,673967 -5,215406E-08 1
0,7711375 -15,02823 0 0
-2,658035E-06 -1,363907E-07 -15,048 0
15,02823 0,7711375 -2,661531E-06 0
0,09295442 1,657819 -4,470348E-08 1
0,7711375 -15,02823 0 0
-2,658035E-06 -1,363907E-07 -15,048 0
15,02823 0,7711375 -2,661531E-06 0
0,09295435 1,657819 -4,377216E-08 1
15,048 0 0 0
0 -2,661531E-06 -15,048 0
0 15,048 -2,661531E-06 0
0 1,470262 -4,656613E-08 1
15,048 0 0 0
0 -2,661531E-06 -15,048 0
0 15,048 -2,661531E-06 0
0 1,470262 -5,215406E-08 1
15,048 0 0 0
0 -6,956229 -13,34366 0
0 13,34366 -6,956229 0
7,450581E-09 1,500708 -0,08464806 1
15,048 0 0 0
0 14,96257 1,6012 0
0 -1,6012 14,96257 0
0 1,157345 0,1693151 1
15,048 0 0 0
0 -3,89471 -14,53525 0
0 14,53525 -3,89471 0
0 1,475893 -0,007251197 1
15,048 0 0 0
0 -7,236816 -13,19359 0
0 13,19359 -7,236816 0
0 1,491315 -0,03471847 1
15,048 0 0 0
0 -7,236816 -13,19359 0
0 13,19359 -7,236816 0
0 1,491315 -0,03471844 1
15,048 0 0 0
0 12,74587 -7,999074 0
0 7,999074 12,74587 0
0 1,306428 0,2414986 1
15,048 0 0 0
0 -2,661531E-06 -15,048 0
0 15,048 -2,661531E-06 0
0 1,470262 -5,254752E-08 1
6,834703 13,40631 -1,172017E-06 0
1,19915E-06 -1,926879E-06 -15,048 0
-13,40631 6,834703 -1,943502E-06 0
-0,01774836 1,587301 -6,598691E-08 1
0,7604232 15,02877 -1,313857E-06 0
1,344274E-06 -1,383555E-06 -15,048 0
-15,02877 0,7604232 -1,412472E-06 0
-0,1223143 1,661869 -8,053541E-08 1
1,104637 15,0074 -1,311989E-06 0
1,342362E-06 -1,414344E-06 -15,048 0
-15,0074 1,104637 -1,442564E-06 0
-0,111237 1,657601 -7,186723E-08 1
0,9325371 15,01908 -1,313009E-06 0
1,343406E-06 -1,39895E-06 -15,048 0
-15,01908 0,9325371 -1,427518E-06 0
-0,119286 1,660128 -7,267103E-08 1
0,9325371 15,01908 -1,313009E-06 0
1,343406E-06 -1,39895E-06 -15,048 0
-15,01908 0,9325371 -1,427518E-06 0
-0,1192861 1,660127 -6,797872E-08 1
15,048 0 0 0
0 -2,661531E-06 -15,048 0
0 15,048 -2,661531E-06 0
0 1,221059 -5,33742E-08 1
15,048 0 0 0
0 -2,661531E-06 -15,048 0
0 15,048 -2,661531E-06 0
0 1,431491 -5,33742E-08 1
15,048 0 0 0
0 -7,524004 -13,03195 0
0 13,03195 -7,524004 0
0 1,451462 -0,002054502 1
15,048 0 0 0
0 -0,6939454 -15,03199 0
0 15,03199 -0,6939454 0
0 1,341743 0,01463807 1
15,048 0 0 0
0 -0,6939454 -15,03199 0
0 15,03199 -0,6939454 0
0 1,341743 0,01463808 1
15,048 0 0 0
0 -2,661531E-06 -15,048 0
0 15,048 -2,661531E-06 0
0 1,431491 -5,215406E-08 1
15,048 0 0 0
0 -0,8013965 -15,02664 0
0 15,02664 -0,8013965 0
0 1,425168 0,002246208 1
15,048 0 0 0
0 3,115093 -14,72204 0
0 14,72204 3,115093 0
4,656613E-10 1,471245 -0,01184756 1
15,048 0 0 0
0 -2,157008E-06 -15,048 0
0 15,048 -2,157008E-06 0
1,164153E-10 1,40564 -0,006118699 1
15,048 0 0 0
0 -2,157008E-06 -15,048 0
0 15,048 -2,157008E-06 0
0 1,40564 -0,006118751 1
15,048 0 0 0
0 6,256441 -13,68573 0
0 13,68573 6,256441 0
-9,313226E-10 1,528209 -0,02296237 1
15,048 0 0 0
0 6,256441 -13,68573 0
0 13,68573 6,256441 0
-2,328306E-10 1,528209 -0,02296242 1
15,048 0 0 0
0 -2,661531E-06 -15,048 0
0 15,048 -2,661531E-06 0
0 1,431491 -5,401671E-08 1
11,28382 -9,955789 0 0
-1,760875E-06 -1,995763E-06 -15,048 0
9,955789 11,28382 -2,661531E-06 0
-0,003019799 1,511574 -5,215406E-08 1
3,053159 -14,73501 0 0
-2,606173E-06 -5,400104E-07 -15,048 0
14,73501 3,053159 -2,661531E-06 0
0,1201721 1,661981 -4,842877E-08 1
-1,327985 -14,98929 0 0
-2,651147E-06 2,348799E-07 -15,048 0
14,98929 -1,327985 -2,661531E-06 0
0,2613466 1,715719 -5,215406E-08 1
-5,438187 -14,03098 0 0
-2,481652E-06 9,61849E-07 -15,048 0
14,03098 -5,438187 -2,661531E-06 0
0,4677475 1,71723 -4,470348E-08 1
-5,438187 -14,03098 0 0
-2,481652E-06 9,61849E-07 -15,048 0
14,03098 -5,438187 -2,661531E-06 0
0,4677475 1,717229 -4,377216E-08 1
15,048 0 0 0
0 -2,661531E-06 -15,048 0
0 15,048 -2,661531E-06 0
0 1,431491 -4,656613E-08 1
15,048 0 0 0
0 -2,661531E-06 -15,048 0
0 15,048 -2,661531E-06 0
0 1,431491 -5,215406E-08 1
15,048 0 0 0
0 -6,042906 -13,78135 0
0 13,78135 -6,042906 0
7,450581E-09 1,46018 -0,07204919 1
15,048 0 0 0
0 14,9292 -1,887107 0
0 1,887107 14,9292 0
0 1,168207 0,1836945 1
15,048 0 0 0
0 -3,89471 -14,53525 0
0 14,53525 -3,89471 0
0 1,437122 -0,007251197 1
15,048 0 0 0
0 -6,819296 -13,41416 0
0 13,41416 -6,819296 0
0 1,450908 -0,03092616 1
15,048 0 0 0
0 -6,819296 -13,41416 0
0 13,41416 -6,819296 0
0 1,450908 -0,03092614 1
15,048 0 0 0
0 12,14587 -8,883698 0
0 8,883698 12,14587 0
0 1,281509 0,233344 1
15,048 0 0 0
0 -2,661531E-06 -15,048 0
0 15,048 -2,661531E-06 0
0 1,431491 -5,254752E-08 1
11,28382 9,955789 -8,703627E-07 0
8,90512E-07 -2,324838E-06 -15,048 0
-9,955789 11,28382 -2,332456E-06 0
0,003019735 1,511574 -6,275603E-08 1
4,603613 14,32652 -1,252464E-06 0
1,281459E-06 -1,727316E-06 -15,048 0
-14,32652 4,603613 -1,748454E-06 0
-0,09344082 1,643055 -8,067845E-08 1
0,1795906 15,04693 -1,315444E-06 0
1,345898E-06 -1,331602E-06 -15,048 0
-15,04693 0,1795906 -1,361694E-06 0
-0,2311934 1,712539 -8,026912E-08 1
-7,796113 12,87101 -1,12522E-06 0
1,151269E-06 -6,182017E-07 -15,048 0
-12,87101 -7,796113 -6,644356E-07 0
-0,63533 1,700427 -7,993246E-08 1
-7,796113 12,87101 -1,12522E-06 0
1,151269E-06 -6,182017E-07 -15,048 0
-12,87101 -7,796113 -6,644356E-07 0
-0,6353301 1,700427 -7,459869E-08 1
15,048 0 0 0
0 -2,661531E-06 -15,048 0
0 15,048 -2,661531E-06 0
0 1,221059 -5,33742E-08 1
15,048 0 0 0
0 -2,661531E-06 -15,048 0
0 15,048 -2,661531E-06 0
0 1,386182 -5,33742E-08 1
15,048 0 0 0
0 -7,524004 -13,03195 0
0 13,03195 -7,524004 0
0 1,406152 -0,002054502 1
15,048 0 0 0
0 -1,87943 -14,93017 0
0 14,93017 -1,87943 0
0 1,314967 0,01553218 1
15,048 0 0 0
0 -1,87943 -14,93017 0
0 14,93017 -1,87943 0
0 1,314967 0,01553215 1
15,048 0 0 0
0 -2,661531E-06 -15,048 0
0 15,048 -2,661531E-06 0
0 1,386182 -5,215406E-08 1
15,048 0 0 0
0 -1,429208 -14,97998 0
0 14,97998 -1,429208 0
0 1,374982 0,004244236 1
15,048 0 0 0
0 2,496594 -14,83945 0
0 14,83945 2,496594 0
4,656613E-10 1,420429 -0,01176445 1
15,048 0 0 0
0 -2,325182E-06 -15,048 0
0 15,048 -2,325182E-06 0
1,164153E-10 1,368061 -0,006085397 1
15,048 0 0 0
0 -2,325182E-06 -15,048 0
0 15,048 -2,325182E-06 0
0 1,368061 -0,006085426 1
15,048 0 0 0
0 5,422976 -14,03687 0
0 14,03687 5,422976 0
-9,313226E-10 1,472098 -0,02460985 1
15,048 0 0 0
0 5,422976 -14,03687 0
0 14,03687 5,422976 0
-2,328306E-10 1,472098 -0,02460989 1
15,048 0 0 0
0 -2,661531E-06 -15,048 0
0 15,048 -2,661531E-06 0
0 1,386182 -5,401671E-08 1
14,2422 4,858191 0 0
8,592656E-07 -2,51901E-06 -15,048 0
-4,858191 14,2422 -2,661531E-06 0
0,01980655 1,354837 -5,215406E-08 1
13,68512 -6,257771 0 0
-1,106808E-06 -2,42048E-06 -15,048 0
6,257771 13,68512 -2,661531E-06 0
-0,04920189 1,571465 -4,842877E-08 1
4,907327 -14,22535 0 0
-2,516029E-06 -8,679561E-07 -15,048 0
14,22535 4,907327 -2,661531E-06 0
0,1563756 1,923941 -5,215406E-08 1
-3,158551 -14,71278 0 0
-2,602241E-06 5,586512E-07 -15,048 0
14,71278 -3,158551 -2,661531E-06 0
0,5342969 2,039495 -4,470348E-08 1
-3,158551 -14,71278 0 0
-2,602241E-06 5,586512E-07 -15,048 0
14,71278 -3,158551 -2,661531E-06 0
0,5342968 2,039495 -4,377216E-08 1
15,048 0 0 0
0 -2,661531E-06 -15,048 0
0 15,048 -2,661531E-06 0
0 1,386182 -4,656613E-08 1
15,048 0 0 0
0 -2,661531E-06 -15,048 0
0 15,048 -2,661531E-06 0
0 1,386182 -5,215406E-08 1
15,048 0 0 0
0 -4,86945 -14,23836 0
0 14,23836 -4,86945 0
7,450581E-09 1,411508 -0,05659319 1
15,048 0 0 0
0 13,74865 -6,11695 0
0 6,11695 13,74865 0
0 1,189364 0,1833668 1
15,048 0 0 0
0 -3,89471 -14,53525 0
0 14,53525 -3,89471 0
0 1,391813 -0,007251197 1
15,048 0 0 0
0 -6,252261 -13,68764 0
0 13,68764 -6,252261 0
0 1,403233 -0,02595342 1
15,048 0 0 0
0 -6,252261 -13,68764 0
0 13,68764 -6,252261 0
0 1,403233 -0,0259534 1
15,048 0 0 0
0 11,32 -9,914628 0
0 9,914628 11,32 0
0 1,252732 0,2211586 1
15,048 0 0 0
0 -2,661531E-06 -15,048 0
0 15,048 -2,661531E-06 0
0 1,386182 -5,254752E-08 1
14,2422 -4,858191 4,247166E-07 0
-4,34549E-07 -2,589455E-06 -15,048 0
4,858191 14,2422 -2,591086E-06 0
-0,01980651 1,354837 -5,301475E-08 1
13,92093 5,714015 -4,995351E-07 0
5,110996E-07 -2,560719E-06 -15,048 0
-5,714015 13,92093 -2,563E-06 0
0,04981582 1,559373 -7,906468E-08 1
5,163491 14,13438 -1,235667E-06 0
1,264273E-06 -1,777395E-06 -15,048 0
-14,13438 5,163491 -1,7974E-06 0
-0,1504021 1,926501 -1,029385E-07 1
-6,281598 13,6742 -1,195437E-06 0
1,223112E-06 -7,5367E-07 -15,048 0
-13,6742 -6,281598 -7,968387E-07 0
-0,6998451 2,035702 -1,115569E-07 1
-6,281598 13,6742 -1,195437E-06 0
1,223112E-06 -7,5367E-07 -15,048 0
-13,6742 -6,281598 -7,968387E-07 0
-0,6998452 2,035702 -1,074039E-07 1
15,048 0 0 0
0 -2,661531E-06 -15,048 0
0 15,048 -2,661531E-06 0
0 1,221059 -5,33742E-08 1
15,048 0 0 0
0 -2,661531E-06 -15,048 0
0 15,048 -2,661531E-06 0
0 1,338891 -5,33742E-08 1
15,048 0 0 0
0 -7,524004 -13,03195 0
0 13,03195 -7,524004 0
0 1,358861 -0,002054502 1
15,048 0 0 0
0 -3,364928 -14,66695 0
0 14,66695 -3,364928 0
0 1,291181 0,01455641 1
15,048 0 0 0
0 -3,364928 -14,66695 0
0 14,66695 -3,364928 0
0 1,291181 0,01455638 1
15,048 0 0 0
0 -2,661531E-06 -15,048 0
0 15,048 -2,661531E-06 0
0 1,338891 -5,215406E-08 1
15,048 0 0 0
0 -2,123888 -14,89736 0
0 14,89736 -2,123888 0
0 1,322376 0,006701615 1
15,048 0 0 0
0 1,804203 -14,93945 0
0 14,93945 1,804203 0
4,656613E-10 1,36703 -0,01140203 1
15,048 0 0 0
0 -2,661531E-06 -15,048 0
0 15,048 -2,661531E-06 0
1,164153E-10 1,329354 -0,006427716 1
15,048 0 0 0
0 -2,661531E-06 -15,048 0
0 15,048 -2,661531E-06 0
0 1,329354 -0,006427771 1
15,048 0 0 0
0 0,5707682 -15,03717 0
0 15,03717 0,5707682 0
-9,313226E-10 1,347318 -0,002307078 1
15,048 0 0 0
0 0,5707682 -15,03717 0
0 15,03717 0,5707682 0
-2,328306E-10 1,347318 -0,002307101 1
15,048 0 0 0
0 -2,661531E-06 -15,048 0
0 15,048 -2,661531E-06 0
0 1,338891 -5,401671E-08 1
10,39161 10,88378 0 0
1,925009E-06 -1,837958E-06 -15,048 0
-10,88378 10,39161 -2,661531E-06 0
0,06415216 1,277012 -5,215406E-08 1
14,99805 1,225019 0 0
2,166685E-07 -2,652698E-06 -15,048 0
-1,225019 14,99805 -2,661531E-06 0
-0,09318527 1,42876 -4,842877E-08 1
8,994281 -12,06421 0 0
-2,13379E-06 -1,590813E-06 -15,048 0
12,06421 8,994281 -2,661531E-06 0
-0,03379988 1,927176 -5,215406E-08 1
-2,122399 -14,89758 0 0
-2,634926E-06 3,753875E-07 -15,048 0
14,89758 -2,122399 -2,661531E-06 0
0,4623082 2,189211 -4,470348E-08 1
-2,122399 -14,89758 0 0
-2,634926E-06 3,753875E-07 -15,048 0
14,89758 -2,122399 -2,661531E-06 0
0,462308 2,189211 -4,377216E-08 1
15,048 0 0 0
0 -2,661531E-06 -15,048 0
0 15,048 -2,661531E-06 0
0 1,338891 -4,656613E-08 1
15,048 0 0 0
0 -2,661531E-06 -15,048 0
0 15,048 -2,661531E-06 0
0 1,338891 -5,215406E-08 1
15,048 0 0 0
0 -3,545172 -14,62443 0
0 14,62443 -3,545172 0
7,450581E-09 1,359066 -0,04005077 1
15,048 0 0 0
0 11,13442 -10,12259 0
0 10,12259 11,13442 0
0 1,21282 0,1592276 1
15,048 0 0 0
0 -3,89471 -14,53525 0
0 14,53525 -3,89471 0
0 1,344522 -0,007251197 1
15,048 0 0 0
0 -5,609344 -13,96344 0
0 13,96344 -5,609344 0
0 1,353073 -0,02054894 1
15,048 0 0 0
0 -5,609344 -13,96344 0
0 13,96344 -5,609344 0
0 1,353073 -0,02054892 1
15,048 0 0 0
0 10,37034 -10,90405 0
0 10,90405 10,37034 0
0 1,221861 0,2061375 1
15,048 0 0 0
0 -2,661531E-06 -15,048 0
0 15,048 -2,661531E-06 0
0 1,338891 -5,254752E-08 1
10,39161 -10,88378 9,514907E-07 0
-9,735181E-07 -2,245033E-06 -15,048 0
10,88378 10,39161 -2,254457E-06 0
-0,06415205 1,277012 -5,034538E-08 1
15,00057 -1,193867 1,043712E-07 0
-1,067874E-07 -2,657289E-06 -15,048 0
1,193867 15,00057 -2,657385E-06 0
0,09345642 1,429337 -7,056155E-08 1
8,983423 12,0723 -1,055394E-06 0
1,079827E-06 -2,119075E-06 -15,048 0
-12,0723 8,983423 -2,131349E-06 0
0,03339372 1,927135 -1,084624E-07 1
-3,791152 14,5626 -1,273103E-06 0
1,302576E-06 -9,76432E-07 -15,048 0
-14,5626 -3,791152 -1,01456E-06 0
-0,5454698 2,191847 -1,313826E-07 1
-3,791152 14,5626 -1,273103E-06 0
1,302576E-06 -9,76432E-07 -15,048 0
-14,5626 -3,791152 -1,01456E-06 0
-0,5454699 2,191847 -1,2579E-07 1
15,048 0 0 0
0 -2,661531E-06 -15,048 0
0 15,048 -2,661531E-06 0
0 1,221059 -5,33742E-08 1
15,048 0 0 0
0 -2,661531E-06 -15,048 0
0 15,048 -2,661531E-06 0
0 1,294176 -5,33742E-08 1
15,048 0 0 0
0 -7,524004 -13,03195 0
0 13,03195 -7,524004 0
0 1,314146 -0,002054502 1
15,048 0 0 0
0 -4,892223 -14,23055 0
0 14,23055 -4,892223 0
0 1,270978 0,01099108 1
15,048 0 0 0
0 -4,892223 -14,23055 0
0 14,23055 -4,892223 0
0 1,270978 0,01099108 1
15,048 0 0 0
0 -2,661531E-06 -15,048 0
0 15,048 -2,661531E-06 0
0 1,294176 -5,215406E-08 1
15,048 0 0 0
0 -2,796843 -14,7858 0
0 14,7858 -2,796843 0
0 1,272593 0,0093331 1
15,048 0 0 0
0 1,125305 -15,00587 0
0 15,00587 1,125305 0
4,656613E-10 1,316381 -0,01077565 1
15,048 0 0 0
0 -1,091903E-06 -15,048 0
0 15,048 -1,091903E-06 0
1,164153E-10 1,292984 -0,007145321 1
15,048 0 0 0
0 -1,091903E-06 -15,048 0
0 15,048 -1,091903E-06 0
0 1,292984 -0,007145347 1
15,048 0 0 0
0 -2,821129 -14,78119 0
0 14,78119 -2,821129 0
-9,313226E-10 1,257925 0,02654617 1
15,048 0 0 0
0 -2,821129 -14,78119 0
0 14,78119 -2,821129 0
-2,328306E-10 1,257925 0,02654615 1
15,048 0 0 0
0 -2,661531E-06 -15,048 0
0 15,048 -2,661531E-06 0
0 1,294176 -5,401671E-08 1
10,64051 10,64058 0 0
1,881993E-06 -1,881981E-06 -15,048 0
-10,64058 10,64051 -2,661531E-06 0
0,06171373 1,233255 -5,215406E-08 1
11,67204 9,49767 0 0
1,679848E-06 -2,064428E-06 -15,048 0
-9,49767 11,67204 -2,661531E-06 0
0,03379081 1,247725 -4,842877E-08 1
14,79849 2,728905 0 0
4,826599E-07 -2,617401E-06 -15,048 0
-2,728905 14,79849 -2,661531E-06 0
-0,1389626 1,437514 -5,215406E-08 1
10,71086 -10,56976 0 0
-1,869467E-06 -1,894425E-06 -15,048 0
10,56976 10,71086 -2,661531E-06 0
-0,09691973 2,116634 -4,470348E-08 1
10,71086 -10,56976 0 0
-1,869467E-06 -1,894425E-06 -15,048 0
10,56976 10,71086 -2,661531E-06 0
-0,09691975 2,116634 -4,377216E-08 1
15,048 0 0 0
0 -2,661531E-06 -15,048 0
0 15,048 -2,661531E-06 0
0 1,294175 -4,656613E-08 1
15,048 0 0 0
0 -2,661531E-06 -15,048 0
0 15,048 -2,661531E-06 0
0 1,294175 -5,215406E-08 1
15,048 0 0 0
0 -2,22995 -14,88186 0
0 14,88186 -2,22995 0
7,450581E-09 1,307916 -0,02449623 1
15,048 0 0 0
0 7,496233 -13,04794 0
0 13,04794 7,496233 0
0 1,228481 0,1136285 1
15,048 0 0 0
0 -3,89471 -14,53525 0
0 14,53525 -3,89471 0
0 1,299806 -0,007251197 1
15,048 0 0 0
0 -4,970767 -14,2033 0
0 14,2033 -4,970767 0
0 1,30532 -0,01541312 1
15,048 0 0 0
0 -4,970767 -14,2033 0
0 14,2033 -4,970767 0
0 1,30532 -0,0154131 1
15,048 0 0 0
0 9,375977 -11,77002 0
0 11,77002 9,375977 0
0 1,192282 0,1897702 1
15,048 0 0 0
0 -2,661531E-06 -15,048 0
0 15,048 -2,661531E-06 0
0 1,294176 -5,254752E-08 1
10,64051 -10,64058 9,302286E-07 0
-9,517639E-07 -2,267296E-06 -15,048 0
10,64058 10,64051 -2,276216E-06 0
-0,06171363 1,233255 -5,042921E-08 1
11,67204 -9,49767 8,303127E-07 0
-8,495349E-07 -2,359563E-06 -15,048 0
9,49767 11,67204 -2,366396E-06 0
-0,03379083 1,247725 -5,876059E-08 1
14,79849 -2,728905 2,385684E-07 0
-2,440914E-07 -2,639214E-06 -15,048 0
2,728905 14,79849 -2,639719E-06 0
0,138963 1,437514 -6,817211E-08 1
10,33443 10,93809 -9,562383E-07 0
9,783757E-07 -2,239918E-06 -15,048 0
-10,93809 10,33443 -2,249458E-06 0
0,08324096 2,138458 -1,282506E-07 1
10,33443 10,93809 -9,562383E-07 0
9,783757E-07 -2,239918E-06 -15,048 0
-10,93809 10,33443 -2,249458E-06 0
0,08324086 2,138457 -1,25093E-07 1
15,048 0 0 0
0 -2,661531E-06 -15,048 0
0 15,048 -2,661531E-06 0
0 1,221059 -5,33742E-08 1
15,048 0 0 0
0 -2,661531E-06 -15,048 0
0 15,048 -2,661531E-06 0
0 1,256594 -5,33742E-08 1
15,048 0 0 0
0 -7,524004 -13,03195 0
0 13,03195 -7,524004 0
0 1,276564 -0,002054502 1
15,048 0 0 0
0 -6,175238 -13,72256 0
0 13,72256 -6,175238 0
0 1,254282 0,005811123 1
15,048 0 0 0
0 -6,175238 -13,72256 0
0 13,72256 -6,175238 0
0 1,254282 0,005811116 1
15,048 0 0 0
0 -2,661531E-06 -15,048 0
0 15,048 -2,661531E-06 0
0 1,256594 -5,215406E-08 1
15,048 0 0 0
0 -3,362336 -14,66755 0
0 14,66755 -3,362336 0
0 1,230816 0,01173946 1
15,048 0 0 0
0 0,5484738 -15,038 0
0 15,038 0,5484738 0
4,656613E-10 1,2738 -0,01003527 1
15,048 0 0 0
0 -1,540368E-06 -15,048 0
0 15,048 -1,540368E-06 0
1,164153E-10 1,262438 -0,008048312 1
15,048 0 0 0
0 -1,540368E-06 -15,048 0
0 15,048 -1,540368E-06 0
0 1,262438 -0,008048363 1
15,048 0 0 0
0 -2,311098 -14,86947 0
0 14,86947 -2,311098 0
-9,313226E-10 1,231492 0,01709568 1
15,048 0 0 0
0 -2,311098 -14,86947 0
0 14,86947 -2,311098 0
-2,328306E-10 1,231492 0,01709567 1
15,048 0 0 0
0 -2,661531E-06 -15,048 0
0 15,048 -2,661531E-06 0
0 1,256594 -5,401671E-08 1
10,69256 10,58827 0 0
1,872741E-06 -1,891187E-06 -15,048 0
-10,58827 10,69256 -2,661531E-06 0
0,06119959 1,195884 -5,215406E-08 1
4,504592 14,35796 0 0
2,539484E-06 -7,967247E-07 -15,048 0
-14,35796 4,504592 -2,661531E-06 0
0,2065845 1,168121 -4,842877E-08 1
4,930111 14,21747 0 0
2,514635E-06 -8,71986E-07 -15,048 0
-14,21747 4,930111 -2,661531E-06 0
0,1911615 1,168324 -5,215406E-08 1
14,82011 2,608971 0 0
4,614472E-07 -2,621224E-06 -15,048 0
-2,608971 14,82011 -2,661531E-06 0
-0,4120246 1,606997 -4,470348E-08 1
14,82011 2,608971 0 0
4,614472E-07 -2,621224E-06 -15,048 0
-2,608971 14,82011 -2,661531E-06 0
-0,4120246 1,606997 -4,377216E-08 1
15,048 0 0 0
0 -2,661531E-06 -15,048 0
0 15,048 -2,661531E-06 0
0 1,256593 -4,656613E-08 1
15,048 0 0 0
0 -2,661531E-06 -15,048 0
0 15,048 -2,661531E-06 0
0 1,256593 -5,215406E-08 1
15,048 0 0 0
0 -1,095828 -15,00805 0
0 15,00805 -1,095828 0
7,450581E-09 1,263782 -0,01174838 1
15,048 0 0 0
0 3,816335 -14,55603 0
0 14,55603 3,816335 0
0 1,230872 0,0605245 1
15,048 0 0 0
0 -3,89471 -14,53525 0
0 14,53525 -3,89471 0
0 1,262225 -0,007251197 1
15,048 0 0 0
0 -4,421909 -14,38364 0
0 14,38364 -4,421909 0
0 1,264986 -0,01117491 1
15,048 0 0 0
0 -4,421909 -14,38364 0
0 14,38364 -4,421909 0
0 1,264986 -0,01117489 1
15,048 0 0 0
0 8,454342 -12,44855 0
0 12,44855 8,454342 0
0 1,167316 0,1742966 1
15,048 0 0 0
0 -2,661531E-06 -15,048 0
0 15,048 -2,661531E-06 0
0 1,256594 -5,254752E-08 1
10,69256 -10,58827 9,25656E-07 0
-9,470854E-07 -2,271952E-06 -15,048 0
10,58827 10,69256 -2,280767E-06 0
-0,06119949 1,195884 -5,044761E-08 1
4,504592 -14,35796 1,255213E-06 0
-1,284271E-06 -1,718459E-06 -15,048 0
14,35796 4,504592 -1,739797E-06 0
-0,206584 1,168122 -5,512342E-08 1
4,930111 -14,21747 1,24293E-06 0
-1,271705E-06 -1,75652E-06 -15,048 0
14,21747 4,930111 -1,776997E-06 0
-0,1911609 1,168324 -5,159339E-08 1
14,82421 -2,585552 2,260361E-07 0
-2,31269E-07 -2,641514E-06 -15,048 0
2,585552 14,82421 -2,641967E-06 0
0,4124881 1,608063 -8,616874E-08 1
14,82421 -2,585552 2,260361E-07 0
-2,31269E-07 -2,641514E-06 -15,048 0
2,585552 14,82421 -2,641967E-06 0
0,4124881 1,608063 -8,167439E-08 1
15,048 0 0 0
0 -2,661531E-06 -15,048 0
0 15,048 -2,661531E-06 0
0 1,221059 -5,33742E-08 1
15,048 0 0 0
0 -2,661531E-06 -15,048 0
0 15,048 -2,661531E-06 0
0 1,230702 -5,33742E-08 1
15,048 0 0 0
0 -7,524004 -13,03195 0
0 13,03195 -7,524004 0
0 1,250673 -0,002054502 1
15,048 0 0 0
0 -7,068151 -13,28471 0
0 13,28471 -7,068151 0
0 1,243102 0,0009029494 1
15,048 0 0 0
0 -7,068151 -13,28471 0
0 13,28471 -7,068151 0
0 1,243102 0,0009029382 1
15,048 0 0 0
0 -2,661531E-06 -15,048 0
0 15,048 -2,661531E-06 0
0 1,230702 -5,215406E-08 1
15,048 0 0 0
0 -3,729777 -14,57845 0
0 14,57845 -3,729777 0
0 1,202231 0,01340068 1
15,048 0 0 0
0 0,1704911 -15,04703 0
0 15,04703 0,1704911 0
4,656613E-10 1,244654 -0,009447088 1
15,048 0 0 0
0 -2,661531E-06 -15,048 0
0 15,048 -2,661531E-06 0
1,164153E-10 1,241131 -0,008785248 1
15,048 0 0 0
0 -2,661531E-06 -15,048 0
0 15,048 -2,661531E-06 0
0 1,241131 -0,008785307 1
15,048 0 0 0
0 -0,8157694 -15,02587 0
0 15,02587 -0,8157694 0
-9,313226E-10 1,229745 -0,0006552861 1
15,048 0 0 0
0 -0,8157694 -15,02587 0
0 15,02587 -0,8157694 0
-2,328306E-10 1,229745 -0,0006553067 1
15,048 0 0 0
0 -2,661531E-06 -15,048 0
0 15,048 -2,661531E-06 0
0 1,230702 -5,401671E-08 1
9,403434 11,7481 0 0
2,077879E-06 -1,66318E-06 -15,048 0
-11,7481 9,403434 -2,661531E-06 0
0,07353673 1,165719 -5,215406E-08 1
2,269536 14,87587 0 0
2,631087E-06 -4,014115E-07 -15,048 0
-14,87587 2,269536 -2,661531E-06 0
0,2324158 1,157014 -4,842877E-08 1
2,269513 14,87587 0 0
2,631087E-06 -4,014074E-07 -15,048 0
-14,87587 2,269513 -2,661531E-06 0
0,2324166 1,157015 -5,215406E-08 1
10,33701 10,93566 0 0
1,934184E-06 -1,8283E-06 -15,048 0
-10,93566 10,33701 -2,661531E-06 0
-0,1962912 1,251961 -4,470348E-08 1
10,33701 10,93566 0 0
1,934184E-06 -1,8283E-06 -15,048 0
-10,93566 10,33701 -2,661531E-06 0
-0,1962911 1,251961 -4,377216E-08 1
15,048 0 0 0
0 -2,661531E-06 -15,048 0
0 15,048 -2,661531E-06 0
0 1,230702 -4,656613E-08 1
15,048 0 0 0
0 -2,661531E-06 -15,048 0
0 15,048 -2,661531E-06 0
0 1,230702 -5,215406E-08 1
15,048 0 0 0
0 -0,3410046 -15,04414 0
0 15,04414 -0,3410046 0
7,450581E-09 1,233029 -0,003596442 1
15,048 0 0 0
0 1,00389 -15,01448 0
0 15,01448 1,00389 0
0 1,225449 0,01668986 1
15,048 0 0 0
0 -3,89471 -14,53525 0
0 14,53525 -3,89471 0
0 1,236333 -0,007251197 1
15,048 0 0 0
0 -4,059145 -14,49019 0
0 14,49019 -4,059145 0
0 1,237207 -0,008459832 1
15,048 0 0 0
0 -4,059145 -14,49019 0
0 14,49019 -4,059145 0
0 1,237207 -0,008459813 1
15,048 0 0 0
0 7,761743 -12,89177 0
0 12,89177 7,761743 0
0 1,150248 0,162754 1
15,048 0 0 0
0 -2,661531E-06 -15,048 0
0 15,048 -2,661531E-06 0
0 1,230702 -5,254752E-08 1
9,403434 -11,7481 1,027051E-06 0
-1,050828E-06 -2,156644E-06 -15,048 0
11,7481 9,403434 -2,168068E-06 0
-0,07353661 1,165719 -5,007399E-08 1
2,269536 -14,87587 1,30049E-06 0
-1,330597E-06 -1,51854E-06 -15,048 0
14,87587 2,269536 -1,544402E-06 0
-0,2324152 1,157015 -5,565765E-08 1
2,269513 -14,87587 1,30049E-06 0
-1,330597E-06 -1,518538E-06 -15,048 0
14,87587 2,269513 -1,5444E-06 0
-0,232416 1,157015 -5,211388E-08 1
10,337 -10,93566 9,560258E-07 0
-9,781584E-07 -2,240148E-06 -15,048 0
10,93566 10,337 -2,249683E-06 0
0,1962913 1,251961 -5,595319E-08 1
10,337 -10,93566 9,560258E-07 0
-9,781584E-07 -2,240148E-06 -15,048 0
10,93566 10,337 -2,249683E-06 0
0,1962914 1,251961 -5,289039E-08 1
15,048 0 0 0
0 -2,661531E-06 -15,048 0
0 15,048 -2,661531E-06 0
0 1,221059 -5,33742E-08 1
15,048 0 0 0
0 -2,661531E-06 -15,048 0
0 15,048 -2,661531E-06 0
0 1,22106 -5,33742E-08 1
15,048 0 0 0
0 -7,524004 -13,03195 0
0 13,03195 -7,524004 0
0 1,24103 -0,002054502 1
15,048 0 0 0
0 -7,524004 -13,03195 0
0 13,03195 -7,524004 0
0 1,24103 -0,002054477 1
15,048 0 0 0
0 -7,524004 -13,03195 0
0 13,03195 -7,524004 0
0 1,24103 -0,00205446 1
15,048 0 0 0
0 -2,661531E-06 -15,048 0
0 15,048 -2,661531E-06 0
0 1,22106 -5,215406E-08 1
15,048 0 0 0
0 -3,894712 -14,53525 0
0 14,53525 -3,894712 0
0 1,191387 0,01417181 1
15,048 0 0 0
0 -2,661531E-06 -15,048 0
0 15,048 -2,661531E-06 0
4,656613E-10 1,233549 -0,009155129 1
15,048 0 0 0
0 -2,661531E-06 -15,048 0
0 15,048 -2,661531E-06 0
1,164153E-10 1,233549 -0,009155165 1
15,048 0 0 0
0 -2,661531E-06 -15,048 0
0 15,048 -2,661531E-06 0
0 1,233549 -0,009155191 1
15,048 0 0 0
0 -4,006927E-06 -15,048 0
0 15,048 -4,006927E-06 0
-9,313226E-10 1,233549 -0,009155159 1
15,048 0 0 0
0 -4,006927E-06 -15,048 0
0 15,048 -4,006927E-06 0
-2,328306E-10 1,233549 -0,009155174 1
15,048 0 0 0
0 -2,661531E-06 -15,048 0
0 15,048 -2,661531E-06 0
0 1,22106 -5,401671E-08 1
7,524003 13,03195 0 0
2,304954E-06 -1,330766E-06 -15,048 0
-13,03195 7,524003 -2,661531E-06 0
0,09033199 1,152669 -5,215406E-08 1
2,242327E-06 15,048 0 0
2,661531E-06 -3,965991E-13 -15,048 0
-15,048 2,242327E-06 -2,661531E-06 0
0,2487058 1,168027 -4,842877E-08 1
2,242327E-06 15,048 0 0
2,661531E-06 -3,965991E-13 -15,048 0
-15,048 2,242327E-06 -2,661531E-06 0
0,2487059 1,168027 -5,215406E-08 1
1,435089E-05 15,048 0 0
2,661531E-06 -2,538234E-12 -15,048 0
-15,048 1,435089E-05 -2,661531E-06 0
0,2487053 1,168026 -4,470348E-08 1
1,435089E-05 15,048 0 0
2,661531E-06 -2,538234E-12 -15,048 0
-15,048 1,435089E-05 -2,661531E-06 0
0,2487054 1,168026 -4,377216E-08 1
15,048 0 0 0
0 -2,661531E-06 -15,048 0
0 15,048 -2,661531E-06 0
0 1,221059 -4,656613E-08 1
15,048 0 0 0
0 -2,661531E-06 -15,048 0
0 15,048 -2,661531E-06 0
0 1,221059 -5,215406E-08 1
15,048 0 0 0
0 -3,109997E-06 -15,048 0
0 15,048 -3,109997E-06 0
7,450581E-09 1,221059 -4,939798E-08 1
15,048 0 0 0
0 -1,596426E-06 -15,048 0
0 15,048 -1,596426E-06 0
0 1,221059 -2,851299E-08 1
15,048 0 0 0
0 -3,89471 -14,53525 0
0 14,53525 -3,89471 0
0 1,226691 -0,007251197 1
15,048 0 0 0
0 -3,89471 -14,53525 0
0 14,53525 -3,89471 0
0 1,226691 -0,007251206 1
15,048 0 0 0
0 -3,89471 -14,53525 0
0 14,53525 -3,89471 0
0 1,226691 -0,007251181 1
15,048 0 0 0
0 7,524003 -13,03195 0
0 13,03195 7,524003 0
0 1,14331 0,1583534 1
15,048 0 0 0
0 -2,661531E-06 -15,048 0
0 15,048 -2,661531E-06 0
0 1,22106 -5,254752E-08 1
7,524003 -13,03195 1,139289E-06 0
-1,165664E-06 -1,988535E-06 -15,048 0
13,03195 7,524003 -2,003763E-06 0
-0,09033185 1,152669 -4,977615E-08 1
2,242327E-06 -15,048 1,315538E-06 0
-1,345993E-06 -1,315538E-06 -15,048 0
15,048 2,242327E-06 -1,345994E-06 0
-0,2487053 1,168027 -5,679174E-08 1
2,242327E-06 -15,048 1,315538E-06 0
-1,345993E-06 -1,315538E-06 -15,048 0
15,048 2,242327E-06 -1,345994E-06 0
-0,2487053 1,168027 -5,367559E-08 1
1,435089E-05 -15,048 1,315538E-06 0
-1,345993E-06 -1,315539E-06 -15,048 0
15,048 1,435089E-05 -1,345995E-06 0
-0,2487047 1,168026 -4,920961E-08 1
1,435089E-05 -15,048 1,315538E-06 0
-1,345993E-06 -1,315539E-06 -15,048 0
15,048 1,435089E-05 -1,345995E-06 0
-0,2487046 1,168027 -4,64674E-08 1
0 0 0 1
0 0 0 1
0 0 0 1
0 0 0 1
0 0 0 1
0 0 0 1
0 0 0 1
0 0 0 1
0 0 0 1
0 0 0 1
0 0 0 1
0 0 0 1
0 0 0 1
0 0 0 1
0 0 0 1
0 0 0 1
0 0 0 1
0 0 0 1
0 0 0 1
0 0 0 1
0 0 0 1
0 0 0 1
0 0 0 1
0 0 0 1
0 0 0 1
0 0 0 1
0 0 0 1
0 0 0 1
0 0 0 1
0 0 0 1
0 0 0 1
0 0 0 1
0 0 0 1
0 0 0 1
0 0 0 1
0 0 0 1
0 0 0 1
0 0 0 1
0 0 0 1
0 0 0 1
0 0 0 1
0 0 0 1
0 0 0 1
0 0 0 1
0 0 0 1
0 0 0 1
0 0 0 1
0 0 0 1
0 0 0 1
0 0 0 1
0 0 0 1
0 0 0 1
0 0 0 1
0 0 0 1
0 0 0 1
0 0 0 1
0 0 0 1
0 0 0 1
0 0 0 1
0 0 0 1
0 0 0 1
0 0 0 1
0 0 0 1
0 0 0 1
0 0 0 1
0 0 0 1
0 0 0 1
0 0 0 1
0 0 0 1
0 0 0 1
0 0 0 1
0 0 0 1
0 0 0 1
0 0 0 1
0 0 0 1
0 0 0 1
0 0 0 1
0 0 0 1
0 0 0 1
0 0 0 1
0 0 0 1
0 0 0 1
0 0 0 1
0 0 0 1
0 0 0 1
0 0 0 1
0 0 0 1
0 0 0 1
0 0 0 1
0 0 0 1
0 0 0 1
0 0 0 1
0 0 0 1
0 0 0 1
0 0 0 1
0 0 0 1
0 0 0 1
0 0 0 1
0 0 0 1
0 0 0 1
0 0 0 1
0 0 0 1
0 0 0 1
0 0 0 1
0 0 0 1
0 0 0 1
0 0 0 1
0 0 0 1
0 0 0 1
0 0 0 1
0 0 0 1
0 0 0 1
0 0 0 1
0 0 0 1
0 0 0 1
0 0 0 1
0 0 0 1
0 0 0 1
0 0 0 1
0 0 0 1
0 0 0 1
0 0 0 1
0 0 0 1
0 0 0 1
0 0 0 1
0 0 0 1
